world: world
x: -28168.12126834623
y: 63.0
z: -10954.604763182137
pitch: 14.249464
yaw: 353.24542